width,height,aspect
5120,1600,3.20
3840,1200,3.20
3360,1050,3.20
2880,900,3.20
2560,800,3.20
2304,720,3.20
1920,600,3.20
5600,1800,3.11
6000,2000,3.00
5472,1824,3.00
4320,1440,3.00
4000,1333,3.00
3840,1280,3.00
2880,960,3.00
2304,768,3.00
5600,2100,2.66
5120,1920,2.66
4096,1536,2.66
3840,1440,2.66
3360,1260,2.66
3200,1200,2.66
2880,1080,2.66
2800,1050,2.66
2560,960,2.66
2304,864,2.66
2048,768,2.66
1600,600,2.66
5120,2048,2.50
2560,1024,2.50
3840,1600,2.40
3440,1440,2.38
5120,2160,2.37
2560,1080,2.37
7680,4320,1.77
5120,2880,1.77
3840,2160,1.77
3554,1999,1.77
2880,1620,1.77
2560,1440,1.77
2400,1350,1.77
2048,1152,1.77
1920,1080,1.77
1600,900,1.77
1366,768,1.77
1334,750,1.77
1280,720,1.77
1136,640,1.77
1024,576,1.77
960,540,1.77
854,480,1.77
640,360,1.77
480,272,1.76
1024,600,1.70
1280,768,1.66
800,480,1.66
400,240,1.66
5120,3200,1.60
3840,2400,1.60
2880,1800,1.60
2560,1600,1.60
1920,1200,1.60
1680,1050,1.60
1440,900,1.60
1280,800,1.60
1152,720,1.60
960,600,1.60
2736,1824,1.50
2160,1440,1.50
2000,1333,1.50
1920,1280,1.50
1440,960,1.50
1152,768,1.50
960,640,1.50
480,320,1.50
6400,4800,1.33
4096,3072,1.33
3200,2400,1.33
2800,2100,1.33
2560,1920,1.33
2048,1536,1.33
1920,1440,1.33
1680,1260,1.33
1600,1200,1.33
1440,1080,1.33
1400,1050,1.33
1280,960,1.33
1152,864,1.33
1024,768,1.33
800,600,1.33
640,480,1.33
320,240,1.33
1280,1024,1.25
220,176,1.25
3840,3840,1.00
2732,2732,1.00
2560,2560,1.00
2048,2048,1.00
1280,1280,1.00
1024,1024,1.00
176,220,0.80
600,800,0.75
480,640,0.75
240,320,0.75
2048,2732,0.74
768,1152,0.66
640,960,0.66
320,480,0.66
800,1280,0.62
768,1280,0.60
480,800,0.60
240,400,0.60
2160,3840,0.56
1440,2560,0.56
1080,1920,0.56
720,1280,0.56
540,960,0.56
480,854,0.56
360,640,0.56
272,480,0.56
